<< 53 59 81 06 00 05 80 80 80 80 80 B8 54 43
<< 53 59 80 03 00 01 06 36 54 43
<< 53 59 81 08 00 02 00 06 3D 54 43
<< 53 59 81 05 00 01 00 33 54 43
<< 53 59 81 03 00 05 80 80 80 80 80 B5 54 43
<< 53 59 81 06 00 05 80 80 80 80 80 B8 54 43
<< 53 59 80 03 00 01 04 34 54 43
<< 53 59 81 09 00 02 00 76 AE 54 43
<< 53 59 81 02 00 01 00 30 54 43
<< 53 59 81 03 00 05 80 80 80 80 80 B5 54 43
<< 53 59 81 06 00 05 80 80 80 80 80 B8 54 43
<< 53 59 80 03 00 01 03 33 54 43 
<< 53 59 81 08 00 02 00 06 3D 54 43 
<< 53 59 81 05 00 01 00 33 54 43 
<< 53 59 81 03 00 05 80 80 80 80 80 B5 54 43 
<< 53 59 81 06 00 05 80 80 80 80 80 B8 54 43 
<< 53 59 80 03 00 01 01 31 54 43 
<< 53 59 81 09 00 02 00 76 AE 54 43 
<< 53 59 81 02 00 01 00 30 54 43 
<< 53 59 81 03 00 05 80 80 80 80 80 B5 54 43 
<< 53 59 81 06 00 05 80 80 80 80 80 B8 54 43 
<< 53 59 80 03 00 01 01 31 54 43 
<< 53 59 81 08 00 02 00 06 3D 54 43 
<< 53 59 81 05 00 01 00 33 54 43 
<< 53 59 81 03 00 05 80 80 80 80 80 B5 54 43 
<< 53 59 81 06 00 05 80 80 80 80 80 B8 54 43 
<< 53 59 80 03 00 01 01 31 54 43 
<< 53 59 81 09 00 02 00 76 AE 54 43 
<< 53 59 81 02 00 01 00 30 54 43 
<< 53 59 81 03 00 05 80 80 80 80 80 B5 54 43 
<< 53 59 81 06 00 05 80 80 80 80 80 B8 54 43 
<< 53 59 80 03 00 01 02 32 54 43 
<< 53 59 81 08 00 02 00 06 3D 54 43 
<< 53 59 81 05 00 01 00 33 54 43 
<< 53 59 81 03 00 05 80 80 80 80 80 B5 54 43 
<< 53 59 81 06 00 05 80 80 80 80 80 B8 54 43 
<< 53 59 80 03 00 01 02 32 54 43 
<< 53 59 81 09 00 02 00 76 AE 54 43 
<< 53 59 81 02 00 01 00 30 54 43 
<< 53 59 81 03 00 05 80 80 80 80 80 B5 54 43 
<< 53 59 81 06 00 05 80 80 80 80 80 B8 54 43 
<< 53 59 80 03 00 01 03 33 54 43 
<< 53 59 81 08 00 02 00 06 3D 54 43 
<< 53 59 81 05 00 01 00 33 54 43 
<< 53 59 81 03 00 05 80 80 80 80 80 B5 54 43 
<< 53 59 81 06 00 05 80 80 80 80 80 B8 54 43 
<< 53 59 80 03 00 01 02 32 54 43 
<< 53 59 81 09 00 02 00 79 B1 54 43 
<< 53 59 81 02 00 01 00 30 54 43 
<< 53 59 81 03 00 05 80 80 80 80 80 B5 54 43 
<< 53 59 81 06 00 05 80 80 80 80 80 B8 54 43 
<< 53 59 80 03 00 01 02 32 54 43 
<< 53 59 81 08 00 02 00 06 3D 54 43 
<< 53 59 81 05 00 01 00 33 54 43 
<< 53 59 81 03 00 05 80 80 80 80 80 B5 54 43 
<< 53 59 81 06 00 05 80 80 80 80 80 B8 54 43 
<< 53 59 80 03 00 01 01 31 54 43 
<< 53 59 81 09 00 02 00 78 B0 54 43 
<< 53 59 81 02 00 01 00 30 54 43 
<< 53 59 81 03 00 05 80 80 80 80 80 B5 54 43 
<< 53 59 81 06 00 05 80 80 80 80 80 B8 54 43 
<< 53 59 80 03 00 01 03 33 54 43 
<< 53 59 81 08 00 02 00 06 3D 54 43 
<< 53 59 81 05 00 01 00 33 54 43 
<< 53 59 81 03 00 05 80 80 80 80 80 B5 54 43 
<< 53 59 81 06 00 05 80 80 80 80 80 B8 54 43 
<< 53 59 80 03 00 01 02 32 54 43 
<< 53 59 81 09 00 02 00 79 B1 54 43 
<< 53 59 81 02 00 01 00 30 54 43 
<< 53 59 81 03 00 05 80 80 80 80 80 B5 54 43 
<< 53 59 81 06 00 05 80 80 80 80 80 B8 54 43 
<< 53 59 80 03 00 01 02 32 54 43 
<< 53 59 81 08 00 02 00 06 3D 54 43 
<< 53 59 81 05 00 01 00 33 54 43 
<< 53 59 81 03 00 05 80 80 80 80 80 B5 54 43 
<< 53 59 81 06 00 05 80 80 80 80 80 B8 54 43 
<< 53 59 80 02 00 01 03 32 54 43 
<< 53 59 80 03 00 01 06 36 54 43 
<< 53 59 81 09 00 02 00 78 B0 54 43 
<< 53 59 81 02 00 01 00 30 54 43 
<< 53 59 81 03 00 05 80 80 80 80 80 B5 54 43 
<< 53 59 81 06 00 05 80 80 80 80 80 B8 54 43 
<< 53 59 80 02 00 01 00 2F 54 43 
<< 53 59 80 03 00 01 07 37 54 43 
<< 53 59 81 08 00 02 00 06 3D 54 43 
<< 53 59 81 05 00 01 00 33 54 43 
<< 53 59 81 03 00 05 80 80 80 80 80 B5 54 43 
<< 53 59 81 06 00 05 80 80 80 80 80 B8 54 43 
<< 53 59 80 02 00 01 03 32 54 43 
<< 53 59 80 03 00 01 05 35 54 43 
<< 53 59 81 09 00 02 00 78 B0 54 43 
<< 53 59 81 02 00 01 00 30 54 43 
<< 53 59 81 03 00 05 80 80 80 80 80 B5 54 43 
<< 53 59 81 06 00 05 80 80 80 80 80 B8 54 43 
<< 53 59 80 02 00 01 00 2F 54 43 
<< 53 59 80 03 00 01 0B 3B 54 43 
<< 53 59 81 08 00 02 00 06 3D 54 43 
<< 53 59 81 05 00 01 00 33 54 43 
<< 53 59 81 03 00 05 80 80 80 80 80 B5 54 43 
<< 53 59 81 06 00 05 80 80 80 80 80 B8 54 43 
<< 53 59 80 02 00 01 03 32 54 43 
<< 53 59 80 03 00 01 73 A3 54 43 
<< 53 59 81 09 00 02 00 79 B1 54 43 
<< 53 59 81 02 00 01 00 30 54 43 
<< 53 59 81 03 00 05 80 80 80 80 80 B5 54 43 
<< 53 59 81 06 00 05 80 80 80 80 80 B8 54 43 
<< 53 59 80 02 00 01 00 2F 54 43 
<< 53 59 80 03 00 01 01 31 54 43 
<< 53 59 81 08 00 02 00 06 3D 54 43 
<< 53 59 81 05 00 01 00 33 54 43 
<< 53 59 81 03 00 05 80 80 80 80 80 B5 54 43 
<< 53 59 81 06 00 05 80 80 80 80 80 B8 54 43 
<< 53 59 80 03 00 01 02 32 54 43 
<< 53 59 81 09 00 02 00 7A B2 54 43 
<< 53 59 81 02 00 01 00 30 54 43 
<< 53 59 81 03 00 05 80 80 80 80 80 B5 54 43 
<< 53 59 81 06 00 05 80 80 80 80 80 B8 54 43 
<< 53 59 80 03 00 01 06 36 54 43 
<< 53 59 81 08 00 02 00 06 3D 54 43 
<< 53 59 81 05 00 01 00 33 54 43 
<< 53 59 81 03 00 05 80 80 80 80 80 B5 54 43 
<< 53 59 81 06 00 05 80 80 80 80 80 B8 54 43 
<< 53 59 80 03 00 01 06 36 54 43 
<< 53 59 81 09 00 02 00 7A B2 54 43 
<< 53 59 81 02 00 01 3C 6C 54 43 
<< 53 59 81 03 00 05 80 80 80 80 80 B5 54 43 
<< 53 59 81 06 00 05 80 80 80 80 80 B8 54 43 
<< 53 59 80 03 00 01 7D AD 54 43 
<< 53 59 81 08 00 02 00 36 6D 54 43 
<< 53 59 81 05 00 01 00 33 54 43 
<< 53 59 81 03 00 05 80 80 80 80 80 B5 54 43 
<< 53 59 81 06 00 05 80 80 80 80 80 B8 54 43 
<< 53 59 80 03 00 01 1D 4D 54 43 
<< 53 59 81 09 00 02 00 7A B2 54 43 
<< 53 59 81 02 00 01 3C 6C 54 43 
<< 53 59 81 03 00 05 77 35 F0 70 01 42 54 43 
<< 53 59 81 06 00 05 80 80 80 80 80 B8 54 43 
<< 53 59 80 03 00 01 49 79 54 43 
<< 53 59 81 08 00 02 00 36 6D 54 43 
<< 53 59 81 05 00 01 00 33 54 43 
<< 53 59 81 03 00 05 ED FE DE 1D F9 14 54 43 
<< 53 59 81 06 00 05 80 80 80 80 80 B8 54 43 
<< 53 59 80 03 00 01 03 33 54 43 
<< 53 59 81 09 00 02 00 7B B3 54 43 
<< 53 59 81 02 00 01 42 72 54 43 
<< 53 59 81 03 00 05 C9 6A BE D8 F3 F1 54 43 
<< 53 59 81 06 00 05 80 80 80 80 80 B8 54 43 
<< 53 59 80 02 00 01 03 32 54 43 
<< 53 59 80 03 00 01 FF 2F 54 43 
<< 53 59 81 08 00 02 00 36 6D 54 43 
<< 53 59 81 05 00 01 00 33 54 43 
<< 53 59 81 03 00 05 18 DF 4D 2B FB 9F 54 43 
<< 53 59 81 06 00 05 80 80 80 80 80 B8 54 43 
<< 53 59 80 02 00 01 00 2F 54 43 
<< 53 59 80 03 00 01 02 32 54 43 
<< 53 59 81 09 00 02 00 7B B3 54 43 
<< 53 59 81 02 00 01 48 78 54 43 
<< 53 59 81 03 00 05 8E AE 48 04 43 00 54 43 
<< 53 59 81 06 00 05 80 80 80 80 80 B8 54 43 
<< 53 59 80 03 00 01 01 31 54 43 
<< 53 59 81 08 00 02 00 36 6D 54 43 
<< 53 59 81 05 00 01 00 33 54 43 
<< 53 59 81 03 00 05 CA 28 CA 88 43 BC 54 43 
<< 53 59 81 06 00 05 80 80 80 80 80 B8 54 43 
<< 53 59 80 03 00 01 01 31 54 43 
<< 53 59 81 09 00 02 00 7A B2 54 43 
<< 53 59 81 02 00 01 48 78 54 43 
<< 53 59 81 03 00 05 CF 50 15 DA 18 5B 54 43 
<< 53 59 81 06 00 05 80 80 80 80 80 B8 54 43 
<< 53 59 80 03 00 01 01 31 54 43 
<< 53 59 81 08 00 02 00 36 6D 54 43 
<< 53 59 81 05 00 01 0C 3F 54 43 
<< 53 59 81 03 00 05 8B 8A 7F 94 7E DB 54 43 
<< 53 59 81 04 00 01 01 33 54 43 
<< 53 59 81 06 00 05 80 80 80 80 80 B8 54 43 
<< 53 59 80 03 00 01 01 31 54 43 
<< 53 59 81 09 00 02 00 79 B1 54 43 
<< 53 59 81 02 00 01 47 77 54 43 
<< 53 59 81 03 00 05 8E 85 74 6F 75 A0 54 43 
<< 53 59 81 06 00 05 80 80 64 5C 57 4F 54 43 
<< 53 59 80 03 00 01 01 31 54 43 
<< 53 59 81 08 00 02 00 36 6D 54 43 
<< 53 59 81 05 00 01 0E 41 54 43 
<< 53 59 81 03 00 05 87 7D 8D 71 80 B7 54 43 
<< 53 59 81 06 00 05 66 69 72 7A 82 75 54 43 
<< 53 59 80 03 00 01 01 31 54 43 
<< 53 59 81 09 00 02 00 71 A9 54 43 
<< 53 59 81 02 00 01 46 76 54 43 
<< 53 59 81 03 00 05 87 7B 75 85 85 B6 54 43 
<< 53 59 81 06 00 05 8D 8A 86 83 7E D6 54 43 
<< 53 59 80 03 00 01 01 31 54 43 
<< 53 59 81 08 00 02 00 36 6D 54 43 
<< 53 59 81 05 00 01 0F 42 54 43 
<< 53 59 81 03 00 05 61 91 CA E5 95 6B 54 43 
<< 53 59 81 06 00 05 7F 83 8B 93 9A F2 54 43 
<< 53 59 80 03 00 01 01 31 54 43 
<< 53 59 81 09 00 02 00 71 A9 54 43 
<< 53 59 81 02 00 01 45 75 54 43 
<< 53 59 81 03 00 05 83 81 81 91 8E D9 54 43 
<< 53 59 81 06 00 05 AB AA A7 A4 9E 76 54 43 
<< 53 59 80 03 00 01 03 33 54 43 
<< 53 59 81 08 00 02 00 42 79 54 43 
<< 53 59 81 05 00 01 11 44 54 43 
<< 53 59 81 03 00 05 79 99 98 94 85 F8 54 43 
<< 53 59 81 06 00 05 80 7E 7C 7C 7D AB 54 43 
<< 53 59 80 03 00 01 02 32 54 43 
<< 53 59 81 09 00 02 00 73 AB 54 43 
<< 53 59 81 02 00 01 43 73 54 43 
<< 53 59 81 03 00 05 7C 4D DB B9 91 23 54 43 
<< 53 59 81 06 00 05 82 82 82 81 7E BD 54 43 
<< 53 59 80 03 00 01 02 32 54 43 
<< 53 59 81 08 00 02 00 42 79 54 43 
<< 53 59 81 05 00 01 0F 42 54 43 
<< 53 59 81 03 00 05 B8 B6 99 8C A4 6C 54 43 
<< 53 59 81 06 00 05 79 79 7A 7B 7C 9B 54 43 
<< 53 59 80 03 00 01 01 31 54 43 
<< 53 59 81 09 00 02 00 75 AD 54 43 
<< 53 59 81 02 00 01 43 73 54 43 
<< 53 59 81 03 00 05 AF C1 A4 C0 7A 83 54 43 
<< 53 59 81 06 00 05 8B 8C 8F 8F 8E FB 54 43 
<< 53 59 80 03 00 01 02 32 54 43 
<< 53 59 81 08 00 02 00 42 79 54 43 
<< 53 59 81 05 00 01 0F 42 54 43 
<< 53 59 81 03 00 05 BC 8D AF 96 79 3C 54 43 
<< 53 59 81 06 00 05 9C A0 A4 A9 AD 6E 54 43 
<< 53 59 80 03 00 01 03 33 54 43 
<< 53 59 81 09 00 02 00 75 AD 54 43 
<< 53 59 81 02 00 01 43 73 54 43 
<< 53 59 81 03 00 05 88 AB 8A C2 2A DE 54 43 
<< 53 59 81 06 00 05 BB B8 B6 B1 AA BC 54 43 
<< 53 59 80 03 00 01 02 32 54 43 
<< 53 59 81 08 00 02 00 42 79 54 43 
<< 53 59 81 05 00 01 0E 41 54 43 
<< 53 59 81 03 00 05 98 C2 0E EA AF 36 54 43 
<< 53 59 81 06 00 05 83 7E 7B 7A 7A A8 54 43 
<< 53 59 80 03 00 01 02 32 54 43 
<< 53 59 81 09 00 02 00 73 AB 54 43 
<< 53 59 81 02 00 01 43 73 54 43 
<< 53 59 81 03 00 05 0B 9A 85 91 B1 A1 54 43 
<< 53 59 81 06 00 05 92 96 9A 9E A7 3F 54 43 
<< 53 59 80 03 00 01 01 31 54 43 
<< 53 59 81 08 00 02 00 42 79 54 43 
<< 53 59 81 05 00 01 0D 40 54 43 
<< 53 59 81 03 00 05 46 79 00 EC 65 45 54 43 
<< 53 59 81 06 00 05 CE D1 D0 CD C8 3C 54 43 
<< 53 59 80 03 00 01 01 31 54 43 
<< 53 59 81 09 00 02 00 72 AA 54 43 
<< 53 59 81 02 00 01 43 73 54 43 
<< 53 59 81 03 00 05 17 53 FE 2B E6 AE 54 43 
<< 53 59 81 06 00 05 85 7A 6F 65 5C 67 54 43 
<< 53 59 80 03 00 01 02 32 54 43 
<< 53 59 81 08 00 02 00 42 79 54 43 
<< 53 59 81 05 00 01 0D 40 54 43 
<< 53 59 81 03 00 05 9B 95 60 42 5E 65 54 43 
<< 53 59 81 06 00 05 5C 64 6D 75 7F 59 54 43 
<< 53 59 80 03 00 01 01 31 54 43 
<< 53 59 81 09 00 02 00 72 AA 54 43 
<< 53 59 81 02 00 01 43 73 54 43 
<< 53 59 81 03 00 05 A8 95 A5 A7 A8 66 54 43 
<< 53 59 81 06 00 05 9B 97 92 8E 88 12 54 43 
<< 53 59 80 03 00 01 01 31 54 43 
<< 53 59 81 08 00 02 00 42 79 54 43 
<< 53 59 81 05 00 01 0E 41 54 43 
<< 53 59 81 03 00 05 A9 EF 41 CC DB B5 54 43 
<< 53 59 81 06 00 05 66 68 6A 6B 6E 49 54 43 
<< 53 59 80 03 00 01 01 31 54 43 
<< 53 59 81 09 00 02 00 70 A8 54 43 
<< 53 59 81 02 00 01 43 73 54 43 
<< 53 59 81 03 00 05 76 20 77 C5 B5 BC 54 43 
<< 53 59 81 06 00 05 66 6C 70 77 7E 6F 54 43 
<< 53 59 80 03 00 01 02 32 54 43 
<< 53 59 81 07 00 01 01 36 54 43 
<< 53 59 81 08 00 02 00 42 79 54 43 
<< 53 59 81 05 00 01 0E 41 54 43 
<< 53 59 81 03 00 05 A6 90 81 76 48 AA 54 43 
<< 53 59 81 06 00 05 C0 C9 CF D9 E0 49 54 43 
<< 53 59 80 03 00 01 01 31 54 43 
<< 53 59 81 09 00 02 00 6C A4 54 43 
<< 53 59 81 02 00 01 47 77 54 43 
<< 53 59 81 03 00 05 41 73 7B 7B 78 57 54 43 
<< 53 59 81 06 00 05 C6 B9 AA 9B 8C 88 54 43 
<< 53 59 80 03 00 01 01 31 54 43 
<< 53 59 81 08 00 02 00 42 79 54 43 
<< 53 59 81 05 00 01 0E 41 54 43 
<< 53 59 81 03 00 05 8B 80 7C 82 7F BD 54 43 
<< 53 59 81 06 00 05 63 65 6A 70 77 51 54 43 
<< 53 59 80 03 00 01 01 31 54 43 
<< 53 59 81 09 00 02 00 6B A3 54 43 
<< 53 59 81 02 00 01 4B 7B 54 43 
<< 53 59 81 03 00 05 85 8D 7D 73 4F 86 54 43 
<< 53 59 81 06 00 05 9F 9E 9C 99 94 3E 54 43 
<< 53 59 80 03 00 01 01 31 54 43 
<< 53 59 81 08 00 02 00 42 79 54 43 
<< 53 59 81 05 00 01 0F 42 54 43 
<< 53 59 81 03 00 05 82 7E 8E 94 90 E7 54 43 
<< 53 59 81 06 00 05 7D 7C 7A 79 7B 9F 54 43 
<< 53 59 80 03 00 01 01 31 54 43 
<< 53 59 81 09 00 02 00 69 A1 54 43 
<< 53 59 81 02 00 01 4E 7E 54 43 
<< 53 59 81 03 00 05 AD F1 ED FB F7 B2 54 43 
<< 53 59 81 06 00 05 83 83 83 83 7F C3 54 43 
<< 53 59 80 03 00 01 01 31 54 43 
<< 53 59 81 08 00 02 00 42 79 54 43 
<< 53 59 81 05 00 01 0F 42 54 43 
<< 53 59 81 03 00 05 81 98 C8 9D C5 78 54 43 
<< 53 59 81 06 00 05 7A 7C 80 86 8E C2 54 43 
<< 53 59 80 03 00 01 02 32 54 43 
<< 53 59 81 09 00 02 00 69 A1 54 43 
<< 53 59 81 02 00 01 50 80 54 43 
<< 53 59 81 03 00 05 1C 1C 71 7A 13 6B 54 43 
<< 53 59 81 06 00 05 B4 B9 BD BF C3 E4 54 43 
<< 53 59 80 03 00 01 01 31 54 43 
<< 53 59 81 08 00 02 00 42 79 54 43 
<< 53 59 81 05 00 01 0F 42 54 43 
<< 53 59 81 03 00 05 8C BA B7 6A 2E CA 54 43 
<< 53 59 81 06 00 05 D5 D5 D2 CF C9 4C 54 43 
<< 53 59 80 03 00 01 01 31 54 43 
<< 53 59 81 09 00 02 00 68 A0 54 43 
<< 53 59 81 02 00 01 50 80 54 43 
<< 53 59 81 03 00 05 7E 6F 69 69 7C 70 54 43 
<< 53 59 81 06 00 05 92 87 7D 72 69 A9 54 43 
<< 53 59 80 03 00 01 02 32 54 43 
<< 53 59 81 08 00 02 00 42 79 54 43 
<< 53 59 81 05 00 01 10 43 54 43 
<< 53 59 81 03 00 05 6A 65 68 6D 5C 35 54 43 
<< 53 59 81 06 00 05 4D 4D 4E 50 54 C4 54 43 
<< 53 59 80 03 00 01 01 31 54 43 
<< 53 59 81 09 00 02 00 6A A2 54 43 
<< 53 59 81 02 00 01 4E 7E 54 43 
<< 53 59 81 03 00 05 6A 76 89 75 66 79 54 43 
<< 53 59 81 06 00 05 72 74 75 76 75 7E 54 43 
<< 53 59 80 03 00 01 01 31 54 43 
<< 53 59 81 08 00 02 00 42 79 54 43 
<< 53 59 81 05 00 01 10 43 54 43 
<< 53 59 81 03 00 05 F9 02 DC 0D AF C8 54 43 
<< 53 59 81 06 00 05 72 70 70 71 76 71 54 43 
<< 53 59 80 03 00 01 02 32 54 43 
<< 53 59 81 09 00 02 00 6C A4 54 43 
<< 53 59 81 02 00 01 4C 7C 54 43 
<< 53 59 81 03 00 05 2B E3 49 47 89 5C 54 43 
<< 53 59 81 06 00 05 6C 6D 70 76 7C 73 54 43 
<< 53 59 80 03 00 01 03 33 54 43 
<< 53 59 81 08 00 02 00 42 79 54 43 
<< 53 59 81 05 00 01 10 43 54 43 
<< 53 59 81 03 00 05 E9 76 52 6C 70 C2 54 43 
<< 53 59 81 06 00 05 95 95 93 90 8C 11 54 43 
<< 53 59 80 03 00 01 03 33 54 43 
<< 53 59 81 09 00 02 00 6C A4 54 43 
<< 53 59 81 02 00 01 4A 7A 54 43 
<< 53 59 81 03 00 05 E0 82 6C C5 40 08 54 43 
<< 53 59 81 06 00 05 64 5C 59 58 58 01 54 43 
<< 53 59 80 03 00 01 01 31 54 43 
<< 53 59 81 08 00 02 00 42 79 54 43 
<< 53 59 81 05 00 01 10 43 54 43 
<< 53 59 81 03 00 05 49 32 79 B9 C2 A4 54 43 
<< 53 59 81 06 00 05 69 6E 73 77 78 71 54 43 
<< 53 59 80 03 00 01 01 31 54 43 
<< 53 59 81 09 00 02 00 6E A6 54 43 
<< 53 59 81 02 00 01 48 78 54 43 
<< 53 59 81 03 00 05 6A 45 21 80 B0 35 54 43 
<< 53 59 81 06 00 05 76 7E 86 8F 98 D9 54 43 
<< 53 59 80 03 00 01 01 31 54 43 
<< 53 59 81 07 00 01 00 35 54 43 
<< 53 59 81 08 00 02 00 42 79 54 43 
<< 53 59 81 05 00 01 10 43 54 43 
<< 53 59 81 03 00 05 C4 B5 96 B5 72 6B 54 43 
<< 53 59 81 06 00 05 C5 C5 C2 BB B0 EF 54 43 
<< 53 59 80 03 00 01 03 33 54 43 
<< 53 59 81 09 00 02 00 6F A7 54 43 
<< 53 59 81 02 00 01 49 79 54 43 
<< 53 59 81 03 00 05 96 90 99 6E 8A EC 54 43 
<< 53 59 81 06 00 05 5D 53 4B 46 45 BE 54 43 
<< 53 59 80 03 00 01 01 31 54 43 
<< 53 59 81 08 00 02 00 42 79 54 43 
<< 53 59 81 05 00 01 10 43 54 43 
<< 53 59 81 03 00 05 D2 12 BF BD 78 0D 54 43 
<< 53 59 81 06 00 05 77 83 8F 96 9B F2 54 43 
<< 53 59 80 03 00 01 02 32 54 43 
<< 53 59 81 09 00 02 00 70 A8 54 43 
<< 53 59 81 02 00 01 49 79 54 43 
<< 53 59 81 03 00 05 EE 58 C4 80 38 F7 54 43 
<< 53 59 81 06 00 05 9B 94 8F 8D 8C 0F 54 43 
<< 53 59 80 03 00 01 01 31 54 43 
<< 53 59 81 08 00 02 00 42 79 54 43 
<< 53 59 81 05 00 01 10 43 54 43 
<< 53 59 81 03 00 05 9E 99 A4 8B 85 20 54 43 
<< 53 59 81 06 00 05 B0 B8 BF C5 C9 ED 54 43 
<< 53 59 80 03 00 01 01 31 54 43 
<< 53 59 81 09 00 02 00 72 AA 54 43 
<< 53 59 81 02 00 01 48 78 54 43 
<< 53 59 81 03 00 05 C4 E1 65 63 48 EA 54 43 
<< 53 59 81 06 00 05 CD C8 C0 B3 A6 E6 54 43 
<< 53 59 80 03 00 01 02 32 54 43 
<< 53 59 81 08 00 02 00 42 79 54 43 
<< 53 59 81 05 00 01 0F 42 54 43 
<< 53 59 81 03 00 05 0A 7E 33 1F 63 72 54 43 
<< 53 59 81 06 00 05 66 67 6A 6D 75 51 54 43 
<< 53 59 80 03 00 01 02 32 54 43 
<< 53 59 81 09 00 02 00 71 A9 54 43 
<< 53 59 81 02 00 01 48 78 54 43 
<< 53 59 81 03 00 05 87 33 CF 6D 39 64 54 43 
<< 53 59 81 06 00 05 BD C7 CE D3 D2 2F 54 43 
<< 53 59 80 03 00 01 02 32 54 43 
<< 53 59 81 08 00 02 00 42 79 54 43 
<< 53 59 81 05 00 01 0F 42 54 43 
<< 53 59 81 03 00 05 82 77 7F 7D 72 9C 54 43 
<< 53 59 81 06 00 05 8E 7D 6D 5F 51 60 54 43 
<< 53 59 80 03 00 01 02 32 54 43 
<< 53 59 81 09 00 02 00 6F A7 54 43 
<< 53 59 81 02 00 01 48 78 54 43 
<< 53 59 81 03 00 05 77 2A 25 20 65 80 54 43 
<< 53 59 81 06 00 05 38 3A 3E 45 4D 7A 54 43 
<< 53 59 80 03 00 01 01 31 54 43 
<< 53 59 81 07 00 01 01 36 54 43 
<< 53 59 81 08 00 02 00 42 79 54 43 
<< 53 59 81 05 00 01 0F 42 54 43 
<< 53 59 81 03 00 05 55 0D 81 9E 95 4B 54 43 
<< 53 59 81 06 00 05 6C 6C 6B 6B 6F 55 54 43 
<< 53 59 80 03 00 01 02 32 54 43 
<< 53 59 81 09 00 02 00 6D A5 54 43 
<< 53 59 81 02 00 01 4A 7A 54 43 
<< 53 59 81 03 00 05 AF 38 58 86 88 82 54 43 
<< 53 59 81 06 00 05 6E 6D 6A 6A 6D 54 54 43 
<< 53 59 80 03 00 01 03 33 54 43 
<< 53 59 81 08 00 02 00 42 79 54 43 
<< 53 59 81 05 00 01 10 43 54 43 
<< 53 59 81 03 00 05 EA D2 7F FE 04 72 54 43 
<< 53 59 81 06 00 05 7F 83 87 8C 8F DC 54 43 
<< 53 59 80 03 00 01 03 33 54 43 
<< 53 59 81 09 00 02 00 6B A3 54 43 
<< 53 59 81 02 00 01 4A 7A 54 43 
<< 53 59 81 03 00 05 A4 61 5D 4F A7 8D 54 43 
<< 53 59 81 06 00 05 8B 88 86 85 84 DA 54 43 
<< 53 59 80 03 00 01 01 31 54 43 
<< 53 59 81 08 00 02 00 42 79 54 43 
<< 53 59 81 05 00 01 10 43 54 43 
<< 53 59 81 03 00 05 78 47 8B BE 9C D9 54 43 
<< 53 59 81 06 00 05 9B A7 B2 BB C0 A7 54 43 
<< 53 59 80 03 00 01 02 32 54 43 
<< 53 59 81 09 00 02 00 67 9F 54 43 
<< 53 59 81 02 00 01 4A 7A 54 43 
<< 53 59 81 03 00 05 87 A1 A3 9E 6D 0B 54 43 
<< 53 59 81 06 00 05 B8 AD A0 90 80 4D 54 43 
<< 53 59 80 03 00 01 01 31 54 43 
<< 53 59 81 08 00 02 00 42 79 54 43 
<< 53 59 81 05 00 01 0F 42 54 43 
<< 53 59 81 03 00 05 87 63 84 9E A8 E9 54 43 
<< 53 59 81 06 00 05 3F 3F 41 45 4B 87 54 43 
<< 53 59 80 03 00 01 05 35 54 43 
<< 53 59 81 09 00 02 00 66 9E 54 43 
<< 53 59 81 02 00 01 4A 7A 54 43 
<< 53 59 81 03 00 05 CD AB 94 8F E3 B3 54 43 
<< 53 59 81 06 00 05 7B 80 83 86 87 C3 54 43 
<< 53 59 80 03 00 01 01 31 54 43 
<< 53 59 81 08 00 02 00 42 79 54 43 
<< 53 59 81 05 00 01 0E 41 54 43 
<< 53 59 81 03 00 05 67 C5 08 2A AD 40 54 43 
<< 53 59 81 06 00 05 7F 7F 7E 7C 7C AC 54 43 
<< 53 59 80 03 00 01 01 31 54 43 
<< 53 59 81 09 00 02 00 66 9E 54 43 
<< 53 59 81 02 00 01 4A 7A 54 43 
<< 53 59 81 03 00 05 82 37 11 83 2F B1 54 43 
<< 53 59 81 06 00 05 9E A8 B5 C2 CC C1 54 43 
<< 53 59 80 03 00 01 02 32 54 43 
<< 53 59 81 08 00 02 00 42 79 54 43 
<< 53 59 81 05 00 01 0F 42 54 43 
<< 53 59 81 03 00 05 8C 5C 70 84 7F 90 54 43 
<< 53 59 81 06 00 05 F7 F7 F4 EF E9 F2 54 43 
<< 53 59 80 03 00 01 02 32 54 43 
<< 53 59 81 09 00 02 00 68 A0 54 43 
<< 53 59 81 02 00 01 4A 7A 54 43 
<< 53 59 81 03 00 05 98 A2 8B 70 74 DE 54 43 